2 <- 6 -> 9
1 <- 2 -> 3
. <- 1 -> .
. <- 3 -> 4
. <- 4 -> .
7 <- 9 -> 10
. <- 7 -> 8
. <- 8 -> .
. <- 10 -> 11
. <- 11 -> .
