20 <- 10 -> 30
40 <- 20 -> 50
. <- 40 -> .
80 <- 50 -> 90
. <- 80 -> .
. <- 90 -> .
60 <- 30 -> 70
100 <- 60 -> .
. <- 100 -> .
110 <- 70 -> 120
. <- 110 -> .
. <- 120 -> .

0-> [40]
1-> [20, 80, 100]
2-> [10, 50, 60]
3-> [30, 90, 110]
4-> [70]
5-> [120]

