3 <- 13 -> 2002
31 <- 3 -> .
1 <- 31 -> 2001
. <- 1 -> .
. <- 2001 -> .
. <- 2002 -> .
6 3
2002
1
true
13, 3, 31, 1, 2001, 2002, 