20 <- 10 -> 30
40 <- 20 -> 50
. <- 40 -> .
80 <- 50 -> 90
. <- 80 -> .
. <- 90 -> .
60 <- 30 -> 70
100 <- 60 -> .
. <- 100 -> .
110 <- 70 -> 120
. <- 110 -> .
. <- 120 -> .


0-> 10 
1-> 20 30 
2-> 40 50 60 70 
3-> 80 90 100 110 120 
Left view
10
20
40
80
Right view
10
30
70
120
