3 <- 13 -> 2002
31 <- 3 -> .
1 <- 31 -> 2001
. <- 1 -> .
. <- 2001 -> .
. <- 2002 -> .
