20 <- 10 -> 30
40 <- 20 -> 50
. <- 40 -> .
80 <- 50 -> 90
. <- 80 -> .
. <- 90 -> .
60 <- 30 -> 70
100 <- 60 -> .
. <- 100 -> .
110 <- 70 -> 120
. <- 110 -> .
. <- 120 -> .

. <- 10 -> 20
. <- 20 -> 30
. <- 30 -> 40
. <- 40 -> 50
. <- 50 -> 60
. <- 60 -> 70
. <- 70 -> 80
. <- 80 -> 90
. <- 90 -> 100
. <- 100 -> 110
. <- 110 -> 120
. <- 120 -> .
