20 <- 10 -> 30
40 <- 20 -> 50
. <- 40 -> .
80 <- 50 -> 90
. <- 80 -> .
. <- 90 -> .
60 <- 30 -> 70
100 <- 60 -> .
. <- 100 -> .
110 <- 70 -> 120
. <- 110 -> .
. <- 120 -> .

0-> [40, 80, 100]
1-> [20, 50, 60, 90, 110]
2-> [10, 30, 70, 120]
40, 20, 10, 
0-> 220
1-> 330
2-> 230
