3 <- 13 -> 2002
31 <- 3 -> .
1 <- 31 -> 2001
. <- 1 -> .
. <- 2001 -> .
. <- 2002 -> .
[Tree$Node@87aac27, Tree$Node@3e3abc88, Tree$Node@6ce253f1, Tree$Node@53d8d10a]
2001 31 3 13 
