2 <- 1 -> 3
4 <- 2 -> 5
. <- 4 -> .
8 <- 5 -> 9
. <- 8 -> .
. <- 9 -> .
6 <- 3 -> 7
10 <- 6 -> .
. <- 10 -> .
11 <- 7 -> .
. <- 11 -> .
6
