2 <- 1 -> 3
4 <- 2 -> 5
10 <- 4 -> .
. <- 10 -> .
8 <- 5 -> 9
. <- 8 -> .
. <- 9 -> .
6 <- 3 -> 7
10 <- 6 -> .
. <- 10 -> .
11 <- 7 -> .
. <- 11 -> .
0 -> [10]
1 -> [4, 8, 10]
2 -> [2, 5, 6, 9, 11]
3 -> [1, 3, 7]
DIAGONAL VIEW : 
10 4 2 1 
