2 <- 1 -> 3
4 <- 2 -> 5
10 <- 4 -> .
. <- 10 -> .
8 <- 5 -> 9
. <- 8 -> .
. <- 9 -> .
6 <- 3 -> 7
10 <- 6 -> .
. <- 10 -> .
11 <- 7 -> .
. <- 11 -> .
22
22 38
1 2 3 4 5 6 7 10 8 9 10 11 
