2 <- 1 -> 3
4 <- 2 -> 5
. <- 4 -> .
8 <- 5 -> 9
. <- 8 -> .
. <- 9 -> .
6 <- 3 -> 7
10 <- 6 -> .
. <- 10 -> .
11 <- 7 -> .
. <- 11 -> .
4 2 8 5 9 1 10 6 3 11 7 
1 2 4 -1 -1 5 8 -1 -1 9 -1 -1 3 6 10 -1 -1 -1 7 11 -1 -1 -1 
4 8 9 5 2 10 6 11 7 3 1 
true
1
